1
1000
1894 7672
5421 9069
5287 1158
8226 9163
4992 5702
1172 2668
1044 1341
2815 6681
531 2302
1981 4716
4029 3046
6421 2959
5212 2852
610 2037
1443 8784
802 3092
1821 5897
4165 2189
1227 342
6984 6760
4026 9507
6780 1316
604 6080
4565 3687
6116 4169
5833 9803
3996 8427
9871 8781
7438 8850
1352 8668
773 5030
7316 7964
7623 6970
4613 3389
710 9588
4293 2973
5171 2047
9032 98
5837 3750
6046 1615
6284 6949
5749 5412
3344 2785
6774 764
89 3284
8488 2411
7139 3522
6457 2485
2157 7144
5780 2214
2189 7362
7492 1516
6186 6628
918 541
102 7848
2477 5526
9007 9963
8640 3494
339 4242
299 3051
8292 9558
1404 3719
665 8057
8666 561
946 4117
1950 3028
5111 6422
5313 379
1286 1009
8664 3058
3633 6599
7343 3378
191 2090
5301 5036
2778 3369
271 9122
8552 7227
8665 5617
3417 273
3208 9084
5882 5056
8800 8204
3888 4504
219 6737
3043 8894
5037 3078
7203 1275
2998 9276
8485 1714
7490 2971
7794 3659
2063 7188
7988 8505
176 1399
6669 9907
7897 5240
5497 3249
1696 8254
4166 9008
8889 1768
9171 4631
893 946
1274 6734
1256 7849
1787 5638
1294 3158
2708 1265
7458 9940
5991 6887
5535 5806
4606 8971
9214 3817
5456 3439
1579 839
8832 194
3232 5435
8370 2502
7819 1751
2148 2493
6371 5398
1016 4086
8866 5159
7194 6293
5201 5884
258 1614
1155 709
6029 3811
1130 9468
9165 8731
6912 4700
6230 7123
4218 8705
8193 9479
9160 2458
898 9641
2805 4365
1577 9739
449 4985
7727 1518
4448 3259
1137 5757
9290 3135
4885 6357
7717 2917
280 1888
9036 9425
2386 7180
3328 4526
5603 2884
9280 6569
2964 8235
2445 4119
4643 613
4417 9067
7251 5944
2729 500
1852 890
5015 712
7243 5741
8218 1414
1396 1309
7678 3496
8736 9051
9477 4312
8167 4091
2100 1216
4406 6405
6520 2413
6695 627
5854 1426
4607 6891
3433 2500
3028 9957
1603 7733
6631 3628
7560 8978
5859 3291
2802 8162
4148 4436
8642 7734
4673 1140
5662 3840
518 2557
9965 2543
342 5381
3190 6210
1571 5929
3784 3556
2201 8576
8487 6099
5480 3206
2118 829
7426 3519
7676 7868
4301 1929
5823 9660
9781 1077
5576 5376
3210 1392
6637 7118
8629 4810
3059 5029
158 57
8803 1657
4452 4530
7304 1003
9081 108
2594 5107
1222 8937
9492 4308
4807 2032
6659 9983
2134 5653
5276 9329
9977 329
1504 2914
6558 8110
135 3347
1584 3260
921 2541
6533 6456
1932 8454
3017 8673
3527 4303
9011 2453
8207 1644
6251 8093
3516 9863
5176 4569
4878 9668
3853 7071
5505 7429
1315 2916
2907 1669
8367 526
2293 5272
5989 3068
1646 8660
8152 7993
2448 6245
2496 7301
5582 6909
5944 5523
9283 213
7362 8914
7245 7228
1822 6778
1731 6317
9168 4952
1129 9247
4712 1704
4085 269
9775 3153
2500 1790
3327 671
5744 1196
5424 9191
5516 1530
2200 3697
1736 3308
3284 452
9242 2267
1242 7406
9176 5068
8679 6150
7942 9203
8342 1589
1800 3612
2428 3954
8995 624
4965 802
5484 8038
7716 4319
2791 6398
1254 94
1713 9545
7511 4964
9810 2087
4870 16
5305 8068
2421 9731
4150 1424
4238 3336
9183 9716
3063 2680
4608 9646
4110 2601
1765 362
9616 7448
9084 5684
4909 7729
4949 4061
9922 4648
8214 6991
7656 5396
4041 9529
4507 170
2459 4293
113 1375
9529 6536
1425 7876
356 1660
7577 6095
2544 6578
9850 899
4160 4901
3671 6901
573 5575
8828 9376
4063 4092
764 9841
2112 9642
4048 7257
8603 3932
5469 6646
7306 9015
4056 5576
3238 8342
6953 8423
7457 8115
1697 6321
4976 219
8598 5306
3780 6770
1480 9602
4806 7356
3502 8635
9641 2627
6868 7142
2444 7050
3711 4743
3143 4419
8269 2820
5683 8132
7817 9453
9391 5822
3706 6840
9069 4131
801 2678
9006 7675
6115 3
4837 1595
6744 8460
2029 798
2565 6330
1748 7160
1063 8602
4666 5907
6972 2933
7126 3696
8509 5917
9682 7557
769 8671
7434 5355
8819 4973
6566 4045
5270 9364
6600 2698
5941 3376
7486 5658
8136 3402
3331 4891
3198 7035
6816 2044
2587 3120
1543 4592
345 8142
6113 4362
6820 5314
7864 8538
580 9648
4886 6294
5339 7022
9167 6627
3145 9016
171 1301
3593 1276
8012 3204
8286 4630
2757 8086
4489 9440
1510 3814
9476 3580
1373 7275
6549 1278
4185 8304
540 1810
6036 2580
3368 8825
6252 9810
9632 8058
812 9459
9885 1562
2498 3955
1136 378
855 5223
9095 9484
4615 4077
2598 1150
730 9157
6166 5904
4181 6435
4018 499
2919 5827
428 6706
3126 3923
9593 8641
4562 7822
4765 724
9494 5528
2055 9229
8089 9303
3450 6134
208 9149
6347 9007
5501 136
5596 3551
9620 3011
7718 6598
1158 4210
2387 8420
3693 9382
1684 4720
5967 4961
583 4463
5136 2915
7525 7757
5767 4494
7011 6855
8443 8972
7124 2272
3703 4294
4585 9581
5147 1152
9450 8461
4135 6282
7234 8045
9441 1970
3763 8468
8543 4314
1241 1437
9126 4783
3925 4187
3860 6062
2211 1966
6658 1377
3544 5101
4440 9077
5304 157
2205 9616
2647 4608
8908 350
8109 9961
2955 6000
3192 3241
1718 8658
2020 4768
1681 9671
2353 9362
4482 9349
4364 1193
9974 5866
4321 6196
6014 5743
2676 1556
6053 9725
8538 8426
6157 2407
8088 529
4879 7206
3486 4237
7613 7654
9909 8504
5739 8594
3636 2553
9916 4202
8392 9737
3835 3296
5613 1097
661 903
5481 4566
5695 605
2877 6870
625 4908
5207 408
2506 300
9689 4174
8668 3623
8915 914
1719 5219
2986 9226
4106 6635
3077 7281
251 5782
2576 8808
74 4968
7302 4634
8754 2377
2121 2560
2216 9289
6542 1740
3119 501
4521 3591
6431 288
8874 616
5518 8243
708 7410
8850 7245
1022 475
7783 7390
2442 1304
892 8403
7241 6672
5782 1541
9137 1345
5138 2528
8368 4326
6878 171
4402 5185
6471 8906
778 7268
1420 3052
3531 5064
7476 1082
49 8881
7887 8056
4407 284
4841 8637
4720 5937
2973 7577
9234 668
917 9705
8547 6027
849 2767
4336 582
1791 2568
2068 5775
6103 1560
2798 9915
6979 5792
4412 4948
2571 1218
8021 1106
7918 7282
9671 809
5641 4675
9026 3464
8508 6370
5850 8636
3850 6521
8968 1262
4488 7939
8592 8419
4203 2178
687 1202
4240 7500
7904 6164
8893 462
9753 6379
841 5813
2215 5002
3848 5487
3011 9611
575 2836
7654 5441
2764 7427
1163 1814
4192 1546
8905 6112
264 1067
6238 3122
6805 488
1438 385
388 2404
4141 2331
2458 4289
6480 694
3966 540
1809 4430
8398 1381
7024 853
415 5709
5779 5327
7874 9914
6965 7113
3336 5725
2184 6821
1644 4127
1608 5143
5872 2955
4718 202
3146 6789
8764 6836
8127 5168
646 4010
1394 1611
4812 1430
6095 630
8537 9982
4987 1860
634 2845
5517 289
7295 1432
5129 2960
6792 2038
5657 1827
1549 1242
487 5186
2338 3407
3290 4524
5223 2573
4811 6172
6384 823
8971 4625
7028 6215
6051 1254
5511 3573
6163 6050
3296 6455
3785 1788
5429 8537
2880 5374
9231 5378
5408 6479
3067 7539
7622 6645
2397 667
6376 3212
4548 6682
8548 4841
8355 9110
828 7710
7687 1039
9074 9284
3542 4786
6072 4823
2677 2803
8929 3475
5162 4441
3173 6498
7321 8062
1522 1690
1832 1373
448 3071
2378 2964
4055 994
8988 4527
747 9818
7961 8087
401 7616
4919 985
1266 7031
2024 9410
5851 818
1349 3198
8093 9085
9004 2137
9211 2148
3185 4933
9385 8082
4665 7724
3739 4327
3530 547
691 4967
5853 9004
1971 243
8328 8287
7154 5915
2980 5683
6588 2559
3096 2614
9751 6948
359 6477
5479 8182
2645 6125
3602 9536
7160 509
5107 7548
8873 4793
7366 3548
5998 4951
3150 9771
2440 983
7627 2264
866 1778
7360 632
3277 3178
9799 1993
2566 7611
6337 4133
7919 2531
2864 4259
3872 6514
1186 518
5534 3039
6249 8222
6862 4474
5992 4851
1406 8931
8195 2506
3901 5321
4669 8917
8166 5165
7102 1223
9371 1374
6785 1979
9976 9622
5738 3123
993 8239
3019 7683
3293 3020
3513 2380
6874 3431
5699 7846
2502 4977
8333 4134
4597 7450
8651 5103
831 6931
5074 5456
2016 4350
3775 9613
9493 7171
4861 2908
8343 8785
6429 4956
5592 3722
9991 5173
1990 3295
7333 6101
1177 845
3099 7934
3726 3188
4451 6001
4315 3434
8491 7630
1796 8909
4014 5826
1126 290
3805 5670
9258 9819
9526 1016
2366 281
9012 5913
3942 9858
3046 3449
7631 7529
7789 6377
4890 246
8630 1253
4365 5112
8056 1822
6319 7933
2076 8146
7135 2508
3614 8640
5911 131
2179 9836
8418 3225
2516 663
1590 7273
7310 5611
2801 4216
9182 8746
5128 9580
9241 1234
1402 9045
7497 4796
1888 7382
2335 7029
1143 625
393 400
8276 5766
8447 2702
1801 4925
1482 7442
7092 2227
7085 9885
9562 2486
5419 9861
4432 1446
9843 3520
7350 473
2541 5764
6933 3267
8013 4754
8004 9420
8203 7191
3742 93
7466 7494
5444 1071
8976 1511
1837 6780
8199 3786
7699 1348
6595 3238
4118 3996
2898 4020
5894 4118
9941 6975
4570 5948
308 7881
7845 3106
6496 9547
8481 3970
9668 130
2043 7098
7320 3436
5716 8822
3377 428
1474 6689
3871 6532
3353 63
654 1340
3455 5071
2507 858
5112 523
2911 5313
7944 7107
8525 782
3988 1931
4229 3532
4504 3016
3358 8747
2611 4408
677 1555
4865 3866
9116 4450
3183 3210
8339 5496
1120 8232
3264 8975
3256 5804
4467 5875
1059 6781
2379 905
7591 1005
9271 754
5969 497
8063 27
4372 8940
6852 8864
6941 2538
9238 3586
7757 9556
2858 1508
5051 9214
8242 2992
4347 7618
5710 9557
9305 5061
1470 7096
1184 8625
4578 9630
3497 8394
5901 8749
3700 5336
5217 927
5564 9753
4198 6233
8692 8411
3443 9460
1629 285
8565 2067
8255 2672
8399 7466
1140 4157
8529 9274
6093 3390
3504 1758
7648 1920
8118 5837
1398 2669
8941 812
54 8031
6641 7389
2062 733
752 5889
749 4222
8072 5299
2570 507
6147 3240
7494 490
4626 374
5708 8467
6289 3804
9169 2481
873 1412
1493 5325
8110 239
6723 1878
5265 7502
549 5758
9605 3778
1421 3947
684 673
3144 2103
8945 2070
3007 3192
6365 5245
3948 8711
6969 8596
2655 6505
8304 4806
6026 8814
5314 748
1855 6449
9254 2151
5117 1618
2060 8521
2536 7643
7410 6110
4737 8779
88 1882
9673 8488
138 2089
2356 3515
1972 5943
7319 9794
2994 9035
3436 5925
7467 2701
484 5958
5997 6732
8064 5248
3458 7879
5077 4565
8047 8159
5886 223
6661 998
1884 6772
9695 3802
7120 8589
891 9234
5292 3412
4848 8493
4414 4485
8260 4252
2945 9280
8494 2021
9025 7054
9814 6229
8202 3988
2334 3313
437 9455
3042 2909
7977 6201
833 6941
4253 6853
6056 6717
8550 7053
3178 9684
6892 2677
8948 8270
9910 5616
5915 9625
8354 4936
2240 3342
8834 1206
2874 6791
4702 5001
6536 9355
7058 5073
1067 580
4805 44
3816 9335
794 3087
3508 4818
2316 6805
9263 1666
1068 9010
4776 3080
8637 1745
4700 7105
4988 5126
5153 7992
4429 253
7349 4201
1312 2859
5188 6586
6680 5627
8944 8476
5039 7168
5598 3266
915 8335
106 1918
6638 7845
4943 21
5434 3939
696 3543
8448 1384
2140 3156
9621 9170
5736 4601
8949 8247
8654 3715
1516 954
9768 5054
9564 2155
3592 8285
