1000
50 700 2
19 57 3
1 1000 2
24 97 2
950 981 9
788 1000 9
2 402 5
13 970 3
7 39 4
12 325 3
108 110 10
57 947 10
3 41 7
418 600 6
14 50 4
249 974 3
3 616 8
594 694 2
156 378 6
211 328 9
4 196 7
12 684 9
8 371 8
628 642 7
500 713 3
2 4 3
2 8 5
3 647 6
1 405 4
34 294 4
1 19 2
770 873 2
1 166 8
397 450 5
9 23 7
163 776 9
351 888 10
206 525 8
431 491 8
473 825 3
223 262 4
38 584 8
308 634 3
1 100 10
36 93 10
32 54 4
272 427 9
32 501 5
153 501 7
3 171 7
351 454 8
82 328 6
55 194 10
93 547 7
21 73 10
825 835 4
37 841 8
437 753 8
196 989 5
221 884 4
49 742 8
10 396 6
173 422 3
451 585 3
8 9 10
10 86 4
715 743 10
8 11 2
53 162 10
30 632 6
17 120 8
1 277 9
46 90 3
338 968 5
7 57 9
243 872 4
2 701 5
2 675 8
35 346 8
8 142 7
179 695 2
67 594 9
481 914 3
581 783 9
11 316 5
359 571 2
114 266 8
367 375 7
2 10 5
600 928 10
13 998 10
2 197 7
1 14 9
10 646 5
2 95 3
11 90 2
1 195 4
5 184 8
271 676 5
291 590 8
7 840 5
28 137 3
4 12 10
416 697 4
33 135 4
265 472 4
220 793 7
3 5 8
416 458 5
11 998 5
168 220 3
871 993 6
30 60 6
422 522 10
4 678 9
43 556 4
1 512 8
120 285 7
301 931 8
88 727 9
59 748 8
838 951 8
137 532 4
2 433 6
1 728 9
82 729 3
3 127 7
13 175 9
5 10 3
1 512 2
3 677 8
3 151 8
22 181 5
324 600 7
3 5 7
258 307 8
1 8 8
7 9 6
76 586 6
24 335 10
791 873 6
36 213 8
3 195 6
2 768 2
250 727 7
3 243 3
320 362 10
3 54 10
581 856 5
41 322 4
608 941 5
1 90 3
267 560 5
534 704 4
346 456 7
2 686 7
13 113 4
2 48 10
199 401 10
1 42 7
455 994 3
764 856 9
578 817 7
133 143 8
321 558 6
1 511 8
1 144 2
1 3 4
88 99 4
1 2 8
175 880 5
796 834 5
759 835 9
5 149 5
630 636 9
4 606 6
89 679 10
163 306 3
130 273 6
13 178 4
9 80 5
1 96 2
57 167 3
5 624 5
138 411 9
562 932 9
377 834 9
2 225 10
56 569 10
537 973 10
36 425 2
582 789 10
24 259 6
1 4 10
52 74 3
78 160 4
157 199 10
98 651 6
393 570 9
118 204 7
12 808 10
538 946 2
5 31 4
55 208 8
117 221 5
322 471 4
254 737 7
101 327 9
3 604 6
35 56 8
65 146 7
256 993 4
6 8 6
6 17 3
327 743 8
231 843 5
5 184 8
7 22 8
5 500 10
93 399 8
6 293 7
535 738 7
797 972 4
26 180 4
472 865 9
1 15 7
3 84 7
329 990 3
86 94 2
1 999 10
1 1000 10
855 910 7
110 625 7
294 991 4
52 143 10
43 886 2
55 469 2
68 321 8
18 263 2
1 300 2
36 321 10
861 879 9
2 72 2
248 772 7
173 901 5
780 790 8
7 11 8
9 225 5
25 592 3
1 556 8
190 336 3
55 85 7
12 146 9
208 607 5
225 839 4
7 690 10
547 849 9
31 952 6
10 203 8
5 972 3
102 191 10
184 294 4
30 34 10
916 952 9
2 841 8
596 931 5
8 649 3
25 592 4
5 67 7
444 553 8
4 320 6
2 9 8
2 27 7
5 15 4
7 875 3
9 44 6
26 649 5
14 40 4
98 256 3
3 6 10
227 272 2
524 936 4
27 39 3
458 598 8
1 96 8
8 428 3
40 640 4
24 519 2
1 91 9
221 523 6
9 216 3
2 144 7
2 198 7
2 571 10
731 765 9
21 32 2
533 873 5
355 783 4
87 147 8
197 602 10
10 891 9
254 867 5
8 393 6
507 941 2
79 278 3
755 770 9
47 314 6
739 931 6
12 30 7
361 411 7
226 953 10
137 294 3
328 657 2
8 257 10
28 928 2
2 7 2
194 784 5
3 264 9
57 59 6
5 126 5
91 168 2
117 819 2
2 432 2
321 661 8
1 730 9
1 512 8
9 118 10
111 426 7
84 672 2
96 419 8
1 674 5
3 541 5
2 13 10
3 23 8
82 571 6
438 607 7
4 484 4
40 159 2
152 256 3
16 240 2
80 87 5
37 518 4
2 4 9
181 254 3
11 697 9
3 775 5
32 990 9
1 626 5
18 19 10
65 663 7
255 792 9
14 68 4
605 697 10
83 452 10
539 604 10
753 929 6
10 90 3
1 228 3
22 128 10
793 911 9
643 981 9
323 389 2
787 889 4
731 753 9
2 256 4
2 167 8
480 752 4
5 521 4
5 16 6
773 804 3
16 416 9
2 45 9
93 186 2
223 669 3
1 767 6
293 400 6
81 223 6
1 44 3
1 18 4
104 600 10
433 756 8
10 40 2
306 389 2
79 650 3
1 3 6
25 277 6
1 125 5
461 668 7
2 60 5
68 441 6
485 866 5
30 91 3
341 501 3
6 18 6
8 112 4
2 5 3
402 556 7
294 408 2
22 809 2
3 320 9
175 241 6
173 321 8
62 976 9
2 3 4
35 365 3
14 61 9
339 577 4
61 775 6
149 341 5
67 80 3
1 151 6
53 364 7
12 251 5
9 93 9
58 111 5
19 418 4
142 446 5
21 293 5
2 14 7
6 738 5
1 36 6
482 669 6
52 303 10
75 761 6
7 787 7
895 965 6
419 549 6
23 550 5
92 384 4
157 445 8
35 559 9
9 768 5
101 513 6
92 728 2
67 285 6
98 475 5
13 832 4
7 40 7
3 768 2
1 120 6
131 797 3
360 435 7
119 314 3
536 742 6
495 697 5
14 30 4
17 151 4
4 183 3
531 535 10
248 304 2
169 400 6
1 3 3
40 199 5
824 992 7
439 656 8
624 737 4
430 474 9
331 984 9
1 728 3
206 592 6
23 936 10
353 837 6
277 487 6
1 2 9
447 451 5
286 680 5
14 120 5
30 109 3
5 224 3
321 781 4
1 15 10
600 661 6
6 10 2
32 193 2
15 18 9
8 256 2
146 783 9
16 578 5
19 391 5
525 926 4
569 896 6
55 81 6
8 495 6
904 988 7
671 704 4
1 343 7
3 47 5
681 690 10
379 864 8
4 9 5
203 421 6
100 799 8
2 5 2
650 717 6
242 642 3
10 539 7
421 433 5
177 921 6
23 706 9
5 80 2
51 182 6
270 477 9
1 443 4
18 101 8
151 655 6
385 486 4
203 935 8
349 560 3
1 939 3
71 640 3
19 801 3
4 17 9
5 11 8
13 833 2
133 705 9
427 834 10
224 455 6
2 28 9
16 480 2
30 62 10
471 999 3
14 25 7
245 852 5
2 686 4
247 313 5
330 374 5
344 448 2
218 534 8
490 881 2
455 626 10
249 367 7
376 705 2
174 408 5
1 184 10
1 243 3
1 6 9
47 98 10
55 258 2
138 973 7
62 648 7
887 936 3
9 27 3
147 263 9
1 658 3
170 464 4
6 22 6
5 91 10
943 977 7
132 761 7
352 415 8
94 554 2
115 747 9
4 71 2
1 35 3
7 45 7
118 952 2
464 979 10
1 84 6
228 683 3
361 969 3
2 404 3
2 14 6
563 618 7
119 986 10
3 142 7
559 848 10
11 890 9
12 431 7
129 676 5
310 656 10
37 621 9
408 864 3
48 901 9
75 878 3
2 343 7
479 829 8
661 714 9
851 960 10
201 794 8
32 186 4
61 227 5
271 597 9
3 4 5
236 588 5
2 100 10
139 478 2
6 533 7
2 128 2
66 670 10
449 789 7
5 373 6
116 271 3
2 218 6
8 17 3
10 44 3
317 608 3
1 1000 10
2 13 10
795 833 8
74 460 7
7 897 2
2 418 2
5 626 5
248 797 2
1 625 5
57 285 2
577 691 6
11 768 4
17 102 6
137 549 2
51 972 5
3 31 2
8 41 8
82 400 8
520 788 7
334 944 2
267 431 8
140 390 4
12 554 4
14 960 8
646 858 7
753 821 9
145 855 4
739 930 3
225 725 4
400 621 5
24 56 5
172 284 6
193 817 6
7 90 7
2 122 9
9 261 6
2 12 5
350 609 5
1 81 9
3 61 3
22 252 2
119 572 5
1 729 3
151 175 2
5 40 2
5 283 9
191 955 5
495 716 7
3 526 8
20 149 3
12 169 8
600 686 10
1 7 7
6 37 4
185 738 2
28 756 3
12 148 2
18 131 2
71 569 8
62 148 10
4 512 2
37 608 2
4 26 5
6 376 4
39 635 8
37 608 4
5 57 6
3 57 7
579 668 9
142 605 5
77 936 9
398 472 4
13 148 6
513 845 4
17 18 7
5 283 6
32 38 10
84 501 10
804 947 5
670 876 7
5 7 6
25 109 9
772 970 3
53 425 2
4 738 10
109 739 10
68 533 5
35 212 7
238 732 2
3 24 7
668 705 5
6 25 7
4 57 9
15 960 8
2 7 2
2 6 8
2 625 5
524 832 6
311 340 10
2 21 2
12 108 9
215 256 3
3 7 3
27 283 8
4 16 2
11 98 8
321 468 6
444 780 6
310 571 5
3 326 4
1 2 9
183 767 10
1 9 9
2 245 4
88 522 6
226 572 4
81 189 9
366 797 9
11 119 8
107 920 4
203 523 2
190 210 7
4 336 4
1 729 9
1 513 2
286 439 7
2 46 4
13 822 4
57 150 7
61 776 9
1 511 2
146 877 6
356 579 7
1 257 4
35 169 10
1 9 5
128 129 10
17 235 4
107 319 3
2 532 6
49 1000 4
1 3 9
10 27 2
425 867 9
15 960 2
68 245 8
34 891 10
2 42 10
607 681 8
100 599 6
5 402 7
482 650 2
903 915 7
355 959 10
241 412 10
188 849 4
114 475 7
4 13 10
326 462 9
2 5 6
533 952 4
299 430 4
110 590 2
1 24 2
600 661 6
11 532 2
212 244 2
12 26 3
198 938 9
647 978 5
412 772 8
359 907 7
2 431 8
18 307 7
70 404 10
39 997 8
683 717 6
794 860 3
601 857 10
26 827 3
2 37 5
1 253 10
6 223 2
5 62 3
627 878 7
1 120 7
3 102 7
449 910 6
7 148 10
208 962 4
14 140 10
466 849 4
292 323 5
1 220 8
108 217 10
2 511 2
3 648 6
78 836 5
467 992 2
11 231 9
2 48 6
1 16 8
599 628 6
1 644 6
1 552 10
592 828 10
75 86 8
647 939 4
493 969 7
459 766 8
13 126 9
93 498 2
5 40 3
539 761 10
3 40 6
277 499 8
131 818 4
1 140 7
53 211 4
1 149 3
71 306 3
2 56 8
4 16 9
9 142 9
298 363 7
512 734 6
471 545 9
14 481 2
159 832 7
1 334 10
13 40 3
505 963 9
65 971 3
456 546 5
2 110 3
128 955 6
73 500 2
217 622 8
2 6 7
10 639 8
37 468 10
282 603 2
281 383 3
153 752 6
58 153 9
881 938 2
363 629 8
592 685 10
269 829 3
1 729 3
11 52 6
5 144 6
6 24 4
146 608 7
236 800 5
532 969 2
37 175 8
229 746 6
5 12 9
519 603 8
177 712 4
359 584 7
154 549 2
15 234 4
4 529 4
77 174 5
48 758 10
2 7 7
41 42 7
2 18 9
3 11 5
416 980 4
1 36 9
1 18 9
9 28 9
136 978 9
2 11 8
451 711 5
4 63 4
201 455 9
648 974 9
83 115 5
10 906 8
52 987 4
1 529 10
87 576 3
29 891 8
26 697 4
13 24 7
15 24 8
104 161 3
525 925 7
3 29 7
1 621 3
5 9 9
2 9 6
25 535 5
634 712 8
31 846 2
361 772 4
485 710 7
4 973 3
14 832 2
406 493 10
9 835 5
20 600 5
725 951 8
3 280 5
9 164 2
12 303 8
566 605 10
226 591 2
2 764 6
5 501 10
114 139 3
218 965 4
578 867 10
521 557 5
14 606 8
308 355 6
629 961 2
344 881 8
788 813 8
2 18 4
2 68 5
2 512 4
2 695 7
195 233 3
24 203 7
204 407 2
692 897 4
22 585 9
2 904 3
224 440 4
649 836 9
34 746 8
2 8 10
25 401 3
2 5 6
68 560 5
2 27 7
7 21 9
1 122 7
3 54 8
281 431 6
6 99 4
203 858 2
715 928 3
383 817 2
5 92 5
377 896 5
3 146 10
1 80 3
11 127 9
150 848 4
3 158 10
551 655 8
648 732 6
438 556 2
25 524 9
318 857 7
292 987 9
55 328 10
1 77 6
3 161 5
651 656 8
96 950 10
54 394 6
10 181 3
11 220 7
1 3 10
168 906 8
3 7 3
211 381 7
125 752 7
218 841 5
94 847 9
5 142 3
2 618 2
268 452 6
104 597 7
215 788 9
221 271 5
2 72 6
161 479 5
178 384 8
103 474 4
227 541 10
44 754 10
186 428 10
120 797 4
8 448 4
2 3 8
1 9 10
276 997 5
2 47 7
200 603 9
369 524 4
2 54 6
947 961 9
106 493 10
364 682 3
3 7 5
3 147 4
